309649169674064
1067914296651346
561905421582644
2244707579074541
2371881352829083
308590241855238
1948600748711191
2718685878300616
131258331007039
1400374890060766
1842780372765268
792115070982694
497521888607139
1606380872825266
483013858539835
998801353965681
1607391529588685
505230898037813
289008456634964
1389673854729769
686800195194310
1775723972593010
2474283156123076
1259736621265968
255834148328219
686633655307229
1115396629290401
393613685243569
158041002570230
1404677390004922
364167337464759
749207003399761
4170730596282710
1301407820250374
144311467670480
1865710340412314
177441499571588
779503139869548
291033674576900
292876571049508
935211530666822
416344229842755
339605380294101
455163532218953
841461387070415
2282323915319721
407017037487156
284191580010500
1271378140354110
1464357914224787
976869359137472
249082464045361
117028673440016
3617415015161220
5412848998772777
1880144702261112
338603763140742
144654900425937
115193119187876
2220977784681263
954543734581642
316343603122287
110591846293404
267359767538867
990634292102932
872242297048354
120734190140402
691421651345525
498546984842597
940872957731103
1779840915656606
337280398477806
1396231450505890
506626494758855
912391179420365
237674624554075
329077245605842
253111415095250
1738929662945845
376019417843658
619507127010417
552874385289052
2861710690520454
522677221845030
532840907571735
1283742702553230
1203487023041849
451924392132925
885154785902023
2008695212601744
804096651078204
1427998567590142
6098270743626400
1030471318154149
1337992257161102
2264772580468921
946996640086672
394744845786287
315465887381235
1206932804520875